0001
0002
1001
1002
3013
1003
1004
4019
5001
701f
0001
0002
1001
1002
1004
1005
402a
1004
1005
0004
0005
1001
6030
8001
0001
0002
1001
1002
1003
1004
403b
1003
1004
0003
0004
1001
6041
0001
0002
1001
1002
1003
1004
404c
5001
7052
0001
0002
1001
1002
1004
1005
405d
5001
7063
0001
0002
1001
1002
1005
1006
406e
5001
7074
0001
0002
1001
1002
1006
1007
407f
1006
1007
0006
0007
1001
6085
8001
0001
0002
1001
1002
1005
1006
4090
1005
1006
0005
0006
1001
6096
8001
0001
0002
1001
1002
1004
1005
40a1
1004
1005
0004
0005
1001
60a7
8001
0001
0002
1001
1002
1003
1004
40b2
5001
70b8
0001
0002
1001
1002
1004
1005
40c3
5001
70c9
0001
0002
1001
1002
1005
1006
40d4
5001
70da
0001
0002
1001
1002
1006
1007
40e5
5001
70eb
0001
0002
1001
1002
1007
1008
40f6
5001
70fc
0001
0002
1001
1002
1008
1009
4107
1008
1009
0008
0009
1001
610d
8001
0001
0002
1001
1002
1007
1008
4118
1007
1008
0007
0008
1001
611e
8001
0001
0002
1001
1002
1006
1007
4129
5001
712f
0001
0002
1001
1002
1007
1008
413a
5001
7140
0001
0002
1001
1002
1008
1009
414b
5001
7151
0001
0002
1001
1002
1009
100a
415c
1009
100a
0009
000a
1001
6162
8001
0001
0002
1001
1002
1008
1009
416d
1008
1009
0008
0009
1001
6173
8001
0001
0002
1001
1002
1007
1008
417e
1007
1008
0007
0008
1001
6184
8001
0001
0002
1001
1002
1006
1007
418f
5001
7195
0001
0002
1001
1002
1007
1008
41a0
5001
71a6
0001
0002
1001
1002
1008
1009
41b1
5001
71b7
0001
0002
1001
1002
1009
100a
41c2
5001
71c8
0001
0002
1001
1002
100a
100b
41d3
100a
100b
000a
000b
1001
61d9
8001
0001
0002
1001
1002
1009
100a
41e4
1009
100a
0009
000a
1001
61ea
8001
0001
0002
1001
1002
1008
1009
41f5
1008
1009
0008
0009
1001
61fb
8001
0001
0002
1001
1002
1007
1008
4206
1007
1008
0007
0008
1001
620c
8001
0001
0002
1001
1002
1006
1007
4217
1006
1007
0006
0007
1001
621d
8001
0001
0002
1001
1002
1005
1006
4228
1005
1006
0005
0006
1001
622e
8001
0001
0002
1001
1002
1004
1005
4239
5001
723f
0001
0002
1001
1002
1005
1006
424a
5001
7250
0001
0002
1001
1002
1006
1007
425b
5001
7261
0001
0002
1001
1002
1007
1008
426c
5001
7272
0001
0002
1001
1002
1008
1009
427d
5001
7283
0001
0002
1001
1002
1009
100a
428e
5001
7294
0001
0002
1001
1002
100a
100b
429f
5001
72a5
0001
0002
1001
1002
100b
100c
42b0
5001
72b6
0001
0002
1001
1002
32bb